4294967278,458
4294967279,331
4294967279,330
61,4
61,3
61,2
61,1
60,6
60,5
60,4
60,3
60,2
60,1
4294967294,428
59,5
59,4
59,3
59,2
59,1
4294967278,457
58,5
58,4
58,3
58,2
58,1
57,5
57,4
57,3
57,2
57,1
56,4
56,3
56,2
56,1
55,4
55,3
55,2
55,1
54,6
54,5
54,4
54,3
54,2
54,1
53,5
53,4
53,3
53,2
53,1
52,5
52,4
52,3
52,2
52,1
51,5
51,4
51,3
51,2
51,1
50,4
50,3
50,2
50,1
49,4
49,3
49,2
49,1
48,6
48,5
48,4
48,3
48,2
48,1
47,5
47,4
47,3
47,2
47,1
46,5
46,4
46,3
46,2
46,1
45,5
45,4
45,3
45,2
45,1
44,4
44,3
44,2
44,1
4294967279,329
43,4
43,3
43,2
43,1
42,6
42,5
42,4
42,3
42,2
42,1
41,5
41,4
41,3
41,2
41,1
40,5
40,4
40,3
40,2
40,1
4294967279,328
39,5
39,4
39,3
39,2
39,1
38,4
38,3
38,2
38,1
37,4
37,3
37,2
37,1
36,6
36,5
36,4
36,3
36,2
36,1
35,5
35,4
35,3
35,2
35,1
34,5
34,4
34,3
34,2
34,1
4294967278,456
33,5
33,4
33,3
33,2
33,1
32,4
32,3
32,2
32,1
4294967279,327
4294967279,326
4294967278,455
31,4
31,3
31,2
31,1
30,6
30,5
30,4
30,3
30,2
30,1
29,5
29,4
29,3
29,2
29,1
28,5
28,4
28,3
28,2
28,1
4294967279,325
27,5
27,4
27,3
27,2
27,1
26,4
26,3
26,2
26,1
25,4
25,3
25,2
25,1
24,6
24,5
24,4
24,3
24,2
24,1
23,5
23,4
23,3
23,2
23,1
22,5
22,4
22,3
22,2
22,1
4294967278,454
21,5
21,4
21,3
21,2
21,1
20,4
20,3
20,2
20,1
19,4
19,3
19,2
19,1
4294967294,476
4294967279,324
4294967278,453
18,6
4294967278,452
4294967279,323
4294967279,322
18,5
4294967278,451
4294967279,321
4294967278,450
18,4
4294967279,320
18,3
18,2
18,1
4294967279,575
4294967278,449
17,5
17,4
17,3
17,2
17,1
16,5
16,4
16,3
16,2
16,1
15,5
15,4
15,3
15,2
15,1
4294967294,206
14,4
14,3
14,2
14,1
13,4
13,3
13,2
13,1
12,6
4294967294,473
12,5
12,4
12,3
12,2
12,1
11,5
11,4
11,3
11,2
11,1
10,5
10,4
10,3
10,2
10,1
9,5
9,4
9,3
9,2
9,1
8,4
8,3
8,2
8,1
4294967294,472
4294967293,131
4294967293,130
4294967293,129
4294967293,128
4294967293,127
4294967293,126
4294967293,125
4294967293,124
4294967293,123
4294967293,122
4294967293,121
4294967293,120
4294967293,119
4294967293,118
4294967293,117
4294967293,116
4294967293,115
4294967293,114
4294967293,113
4294967293,112
4294967293,111
4294967293,110
4294967293,109
4294967293,108
4294967293,107
4294967293,106
4294967293,105
4294967293,104
4294967293,103
4294967293,102
4294967293,101
4294967293,100
4294967293,99
4294967293,98
4294967293,97
4294967293,96
4294967293,95
4294967293,94
4294967293,93
4294967293,92
4294967293,91
4294967293,90
4294967293,89
4294967293,88
4294967293,87
4294967293,86
4294967293,85
4294967293,84
4294967293,83
4294967293,82
4294967293,81
4294967293,80
4294967293,79
4294967293,78
4294967293,77
4294967293,76
4294967293,75
4294967293,74
4294967293,73
4294967293,72
4294967293,71
4294967293,70
4294967293,69
4294967293,68
4294967293,67
4294967293,66
4294967293,65
4294967293,64
4294967293,63
4294967293,62
4294967293,61
4294967293,60
4294967293,59
4294967293,58
4294967293,57
4294967293,56
4294967293,55
4294967293,54
4294967293,53
4294967293,52
4294967293,51
4294967293,50
4294967293,49
4294967293,48
4294967293,47
4294967293,46
4294967293,45
4294967293,44
4294967293,43
4294967293,42
4294967293,41
4294967293,40
4294967293,39
4294967293,38
4294967293,37
4294967293,36
4294967293,35
4294967293,34
4294967293,33
4294967293,32
4294967293,31
4294967293,30
4294967293,29
4294967293,28
4294967293,27
4294967293,26
4294967293,25
4294967293,24
4294967293,23
4294967293,22
